00000001
00000002
00000003
00000004
00000005
00000006
00000007
00000008
00000009
00000010
00000011
00000012
00000013
00000014
00000015
00000016
00000017
00000018
00000019
00000020
00000021
00000022
00000023
00000024
00000025
00000026
00000027
00000028
00000029
00000030
00000031
00000032
00000033
00000034
00000035
00000036
00000037
00000038
00000039
00000040
00000041
00000042
00000043
00000044
00000045
00000046
00000047
00000048
00000049
00000050
00000051
00000052
00000053
00000054
00000055
00000056
00000057
00000058
00000059
00000060
00000061
00000062
00000063
00000064
00000065
00000066
00000067
00000068
00000069
00000070
00000071
00000072
00000073
00000074
00000075
00000076
00000077
00000078
00000079
00000080
00000081
00000082
00000083
00000084
00000085
00000086
00000087
00000088
00000089
00000090
00000091
00000092
00000093
00000094
00000095
00000096
00000097
00000098
00000099
00000100
00000101
00000102
00000103
00000104
00000105
00000106
00000107
00000108
00000109
00000110
00000111
00000112
00000113
00000114
00000115
00000116
00000117
00000118
00000119
00000120
00000121
00000122
00000123
00000124
00000125
00000126
00000127
00000128
00000129
00000130
00000131
00000132
00000133
00000134
00000135
00000136
00000137
00000138
00000139
00000140
00000141
00000142
00000143
00000144
00000145
00000146
00000147
00000148
00000149
00000150
00000151
00000152
00000153
00000154
00000155
00000156
00000157
00000158
00000159
00000160
00000161
00000162
00000163
00000164
00000165
00000166
00000167
00000168
00000169
00000170
00000171
00000172
00000173
00000174
00000175
00000176
00000177
00000178
00000179
00000180
00000181
00000182
00000183
00000184
00000185
00000186
00000187
00000188
00000189
00000190
00000191
00000192
00000193
00000194
00000195
00000196
00000197
00000198
00000199
00000200
00000201
00000202
00000203
00000204
00000205
00000206
00000207
00000208
00000209
00000210
00000211
00000212
00000213
00000214
00000215
00000216
00000217
00000218
00000219
00000220
00000221
00000222
00000223
00000224
00000225
00000226
00000227
00000228
00000229
00000230
00000231
00000232
00000233
00000234
00000235
00000236
00000237
00000238
00000239
00000240
00000241
00000242
00000243
00000244
00000245
00000246
00000247
00000248
00000249
00000250
00000251
00000252
00000253
00000254
00000255
00000256
00000257
00000258
00000259
00000260
00000261
00000262
00000263
00000264
00000265
00000266
00000267
00000268
00000269
00000270
00000271
00000272
00000273
00000274
00000275
00000276
00000277
00000278
00000279
00000280
00000281
00000282
00000283
00000284
00000285
00000286
00000287
00000288
00000289
00000290
00000291
00000292
00000293
00000294
00000295
00000296
00000297
00000298
00000299
00000300
00000301
00000302
00000303
00000304
00000305
00000306
00000307
00000308
00000309
00000310
00000311
00000312
00000313
00000314
00000315
00000316
00000317
00000318
00000319
00000320
00000321
00000322
00000323
00000324
00000325
00000326
00000327
00000328
00000329
00000330
00000331
00000332
00000333
00000334
00000335
00000336
00000337
00000338
00000339
00000340
00000341
00000342
00000343
00000344
00000345
00000346
00000347
00000348
00000349
00000350
00000351
00000352
00000353
00000354
00000355
00000356
00000357
00000358
00000359
00000360
00000361
00000362
00000363
00000364
00000365
00000366
00000367
00000368
00000369
00000370
00000371
00000372
00000373
00000374
00000375
00000376
00000377
00000378
00000379
00000380
00000381
00000382
00000383
00000384
00000385
00000386
00000387
00000388
00000389
00000390
00000391
00000392
00000393
00000394
00000395
00000396
00000397
00000398
00000399
00000400
00000401
00000402
00000403
00000404
00000405
00000406
00000407
00000408
00000409
00000410
00000411
00000412
00000413
00000414
00000415
00000416
00000417
00000418
00000419
00000420
00000421
00000422
00000423
00000424
00000425
00000426
00000427
00000428
00000429
00000430
00000431
00000432
00000433
00000434
00000435
00000436
00000437
00000438
00000439
00000440
00000441
00000442
00000443
00000444
00000445
00000446
00000447
00000448
00000449
00000450
00000451
00000452
00000453
00000454
00000455
00000456
00000457
00000458
00000459
00000460
00000461
00000462
00000463
00000464
00000465
00000466
00000467
00000468
00000469
00000470
00000471
00000472
00000473
00000474
00000475
00000476
00000477
00000478
00000479
00000480
00000481
00000482
00000483
00000484
00000485
00000486
00000487
00000488
00000489
00000490
00000491
00000492
00000493
00000494
00000495
00000496
00000497
00000498
00000499
00000500
00000501
00000502
00000503
00000504
00000505
00000506
00000507
00000508
00000509
00000510
00000511
00000512
00000513
00000514
00000515
00000516
00000517
00000518
00000519
00000520
00000521
00000522
00000523
00000524
00000525
00000526
00000527
00000528
00000529
00000530
00000531
00000532
00000533
00000534
00000535
00000536
00000537
00000538
00000539
00000540
00000541
00000542
00000543
00000544
00000545
00000546
00000547
00000548
00000549
00000550
00000551
00000552
00000553
00000554
00000555
00000556
00000557
00000558
00000559
00000560
00000561
00000562
00000563
00000564
00000565
00000566
00000567
00000568
00000569
00000570
00000571
00000572
00000573
00000574
00000575
00000576
00000577
00000578
00000579
00000580
00000581
00000582
00000583
00000584
00000585
00000586
00000587
00000588
00000589
00000590
00000591
00000592
00000593
00000594
00000595
00000596
00000597
00000598
00000599
00000600
00000601
00000602
00000603
00000604
00000605
00000606
00000607
00000608
00000609
00000610
00000611
00000612
00000613
00000614
00000615
00000616
00000617
00000618
00000619
00000620
00000621
00000622
00000623
00000624
00000625
00000626
00000627
00000628
00000629
00000630
00000631
00000632
00000633
00000634
00000635
00000636
00000637
00000638
00000639
00000640
00000641
00000642
00000643
00000644
00000645
00000646
00000647
00000648
00000649
00000650
00000651
00000652
00000653
00000654
00000655
00000656
00000657
00000658
00000659
00000660
00000661
00000662
00000663
00000664
00000665
00000666
00000667
00000668
00000669
00000670
00000671
00000672
00000673
00000674
00000675
00000676
00000677
00000678
00000679
00000680
00000681
00000682
00000683
00000684
00000685
00000686
00000687
00000688
00000689
00000690
00000691
00000692
00000693
00000694
00000695
00000696
00000697
00000698
00000699
00000700
00000701
00000702
00000703
00000704
00000705
00000706
00000707
00000708
00000709
00000710
00000711
00000712
00000713
00000714
00000715
00000716
00000717
00000718
00000719
00000720
00000721
00000722
00000723
00000724
00000725
00000726
00000727
00000728
00000729
00000730
00000731
00000732
00000733
00000734
00000735
00000736
00000737
00000738
00000739
00000740
00000741
00000742
00000743
00000744
00000745
00000746
00000747
00000748
00000749
00000750
00000751
00000752
00000753
00000754
00000755
00000756
00000757
00000758
00000759
00000760
00000761
00000762
00000763
00000764
00000765
00000766
00000767
00000768
00000769
00000770
00000771
00000772
00000773
00000774
00000775
00000776
00000777
00000778
00000779
00000780
00000781
00000782
00000783
00000784
00000785
00000786
00000787
00000788
00000789
00000790
00000791
00000792
00000793
00000794
00000795
00000796
00000797
00000798
00000799
00000800
00000801
00000802
00000803
00000804
00000805
00000806
00000807
00000808
00000809
00000810
00000811
00000812
00000813
00000814
00000815
00000816
00000817
00000818
00000819
00000820
00000821
00000822
00000823
00000824
00000825
00000826
00000827
00000828
00000829
00000830
00000831
00000832
00000833
00000834
00000835
00000836
00000837
00000838
00000839
00000840
00000841
00000842
00000843
00000844
00000845
00000846
00000847
00000848
00000849
00000850
00000851
00000852
00000853
00000854
00000855
00000856
00000857
00000858
00000859
00000860
00000861
00000862
00000863
00000864
00000865
00000866
00000867
00000868
00000869
00000870
00000871
00000872
00000873
00000874
00000875
00000876
00000877
00000878
00000879
00000880
00000881
00000882
00000883
00000884
00000885
00000886
00000887
00000888
00000889
00000890
00000891
00000892
00000893
00000894
00000895
00000896
00000897
00000898
00000899
00000900
00000901
00000902
00000903
00000904
00000905
00000906
00000907
00000908
00000909
00000910
00000911
00000912
00000913
00000914
00000915
00000916
00000917
00000918
00000919
00000920
00000921
00000922
00000923
00000924
00000925
00000926
00000927
00000928
00000929
00000930
00000931
00000932
00000933
00000934
00000935
00000936
00000937
00000938
00000939
00000940
00000941
00000942
00000943
00000944
00000945
00000946
00000947
00000948
00000949
00000950
00000951
00000952
00000953
00000954
00000955
00000956
00000957
00000958
00000959
00000960
00000961
00000962
00000963
00000964
00000965
00000966
00000967
00000968
00000969
00000970
00000971
00000972
00000973
00000974
00000975
00000976
00000977
00000978
00000979
00000980
00000981
00000982
00000983
00000984
00000985
00000986
00000987
00000988
00000989
00000990
00000991
00000992
00000993
00000994
00000995
00000996
00000997
00000998
00000999
00001000
00001001
00001002
00001003
00001004
00001005
00001006
00001007
00001008
00001009
00001010
00001011
00001012
00001013
00001014
00001015
00001016
00001017
00001018
00001019
00001020
00001021
00001022
00001023
00001024
00001025
00001026
00001027
00001028
00001029
00001030
00001031
00001032
00001033
00001034
00001035
00001036
00001037
00001038
00001039
00001040
00001041
00001042
00001043
00001044
00001045
00001046
00001047
00001048
00001049
00001050
00001051
00001052
00001053
00001054
00001055
00001056
00001057
00001058
00001059
00001060
00001061
00001062
00001063
00001064
00001065
00001066
00001067
00001068
00001069
00001070
00001071
00001072
00001073
00001074
00001075
00001076
00001077
00001078
00001079
00001080
00001081
00001082
00001083
00001084
00001085
00001086
00001087
00001088
00001089
00001090
00001091
00001092
00001093
00001094
00001095
00001096
00001097
00001098
00001099
00001100
00001101
00001102
00001103
00001104
00001105
00001106
00001107
00001108
00001109
00001110
00001111
00001112
00001113
00001114
00001115
00001116
00001117
00001118
00001119
00001120
00001121
00001122
00001123
00001124
00001125
00001126
00001127
00001128
00001129
00001130
00001131
00001132
00001133
00001134
00001135
00001136
00001137
00001138
00001139
00001140
00001141
00001142
00001143
00001144
00001145
00001146
00001147
00001148
00001149
00001150
00001151
00001152
00001153
00001154
00001155
00001156
00001157
00001158
00001159
00001160
00001161
00001162
00001163
00001164
00001165
00001166
00001167
00001168
00001169
00001170
00001171
00001172
00001173
00001174
00001175
00001176
00001177
00001178
00001179
00001180
00001181
00001182
00001183
00001184
00001185
00001186
00001187
00001188
00001189
00001190
00001191
00001192
00001193
00001194
00001195
00001196
00001197
00001198
00001199
00001200
00001201
00001202
00001203
00001204
00001205
00001206
00001207
00001208
00001209
00001210
00001211
00001212
00001213
00001214
00001215
00001216
00001217
00001218
00001219
00001220
00001221
00001222
00001223
00001224
00001225
00001226
00001227
00001228
00001229
00001230
00001231
00001232
00001233
00001234
00001235
00001236
00001237
00001238
00001239
00001240
00001241
00001242
00001243
00001244
00001245
00001246
00001247
00001248
00001249
00001250
00001251
00001252
00001253
00001254
00001255
00001256
00001257
00001258
00001259
00001260
00001261
00001262
00001263
00001264
00001265
00001266
00001267
00001268
00001269
00001270
00001271
00001272
00001273
00001274
00001275
00001276
00001277
00001278
00001279
00001280
00001281
00001282
00001283
00001284
00001285
00001286
00001287
00001288
00001289
00001290
00001291
00001292
00001293
00001294
00001295
00001296
00001297
00001298
00001299
00001300
00001301
00001302
00001303
00001304
00001305
00001306
00001307
00001308
00001309
00001310
00001311
00001312
00001313
00001314
00001315
00001316
00001317
00001318
00001319
00001320
00001321
00001322
00001323
00001324
00001325
00001326
00001327
00001328
00001329
00001330
00001331
00001332
00001333
00001334
00001335
00001336
00001337
00001338
00001339
00001340
00001341
00001342
00001343
00001344
00001345
00001346
00001347
00001348
00001349
00001350
00001351
00001352
00001353
00001354
00001355
00001356
00001357
00001358
00001359
00001360
00001361
00001362
00001363
00001364
00001365
00001366
00001367
00001368
00001369
00001370
00001371
00001372
00001373
00001374
00001375
00001376
00001377
00001378
00001379
00001380
00001381
00001382
00001383
00001384
00001385
00001386
00001387
00001388
00001389
00001390
00001391
00001392
00001393
00001394
00001395
00001396
00001397
00001398
00001399
00001400
00001401
00001402
00001403
00001404
00001405
00001406
00001407
00001408
00001409
00001410
00001411
00001412
00001413
00001414
00001415
00001416
00001417
00001418
00001419
00001420
00001421
00001422
00001423
00001424
00001425
00001426
00001427
00001428
00001429
00001430
00001431
00001432
00001433
00001434
00001435
00001436
00001437
00001438
00001439
00001440
00001441
00001442
00001443
00001444
00001445
00001446
00001447
00001448
00001449
00001450
00001451
00001452
00001453
00001454
00001455
00001456
00001457
00001458
00001459
00001460
00001461
00001462
00001463
00001464
00001465
00001466
00001467
00001468
00001469
00001470
00001471
00001472
00001473
00001474
00001475
00001476
00001477
00001478
00001479
00001480
00001481
00001482
00001483
00001484
00001485
00001486
00001487
00001488
00001489
00001490
00001491
00001492
00001493
00001494
00001495
00001496
00001497
00001498
00001499
00001500
00001501
00001502
00001503
00001504
00001505
00001506
00001507
00001508
00001509
00001510
00001511
00001512
00001513
00001514
00001515
00001516
00001517
00001518
00001519
00001520
00001521
00001522
00001523
00001524
00001525
00001526
00001527
00001528
00001529
00001530
00001531
00001532
00001533
00001534
00001535
00001536
00001537
00001538
00001539
00001540
00001541
00001542
00001543
00001544
00001545
00001546
00001547
00001548
00001549
00001550
00001551
00001552
00001553
00001554
00001555
00001556
00001557
00001558
00001559
00001560
00001561
00001562
00001563
00001564
00001565
00001566
00001567
00001568
00001569
00001570
00001571
00001572
00001573
00001574
00001575
00001576
00001577
00001578
00001579
00001580
00001581
00001582
00001583
00001584
00001585
00001586
00001587
00001588
00001589
00001590
00001591
00001592
00001593
00001594
00001595
00001596
00001597
00001598
00001599
00001600
00001601
00001602
00001603
00001604
00001605
00001606
00001607
00001608
00001609
00001610
00001611
00001612
00001613
00001614
00001615
00001616
00001617
00001618
00001619
00001620
00001621
00001622
00001623
00001624
00001625
00001626
00001627
00001628
00001629
00001630
00001631
00001632
00001633
00001634
00001635
00001636
00001637
00001638
00001639
00001640
00001641
00001642
00001643
00001644
00001645
00001646
00001647
00001648
00001649
00001650
00001651
00001652
00001653
00001654
00001655
00001656
00001657
00001658
00001659
00001660
00001661
00001662
00001663
00001664
00001665
00001666
00001667
00001668
00001669
00001670
00001671
00001672
00001673
00001674
00001675
00001676
00001677
00001678
00001679
00001680
00001681
00001682
00001683
00001684
00001685
00001686
00001687
00001688
00001689
00001690
00001691
00001692
00001693
00001694
00001695
00001696
00001697
00001698
00001699
00001700
00001701
00001702
00001703
00001704
00001705
00001706
00001707
00001708
00001709
00001710
00001711
00001712
00001713
00001714
00001715
00001716
00001717
00001718
00001719
00001720
00001721
00001722
00001723
00001724
00001725
00001726
00001727
00001728
00001729
00001730
00001731
00001732
00001733
00001734
00001735
00001736
00001737
00001738
00001739
00001740
00001741
00001742
00001743
00001744
00001745
00001746
00001747
00001748
00001749
00001750
00001751
00001752
00001753
00001754
00001755
00001756
00001757
00001758
00001759
00001760
00001761
00001762
00001763
00001764
00001765
00001766
00001767
00001768
00001769
00001770
00001771
00001772
00001773
00001774
00001775
00001776
00001777
00001778
00001779
00001780
00001781
00001782
00001783
00001784
00001785
00001786
00001787
00001788
00001789
00001790
00001791
00001792
00001793
00001794
00001795
00001796
00001797
00001798
00001799
00001800
00001801
00001802
00001803
00001804
00001805
00001806
00001807
00001808
00001809
00001810
00001811
00001812
00001813
00001814
00001815
00001816
00001817
00001818
00001819
00001820
00001821
00001822
00001823
00001824
00001825
00001826
00001827
00001828
00001829
00001830
00001831
00001832
00001833
00001834
00001835
00001836
00001837
00001838
00001839
00001840
00001841
00001842
00001843
00001844
00001845
00001846
00001847
00001848
00001849
00001850
00001851
00001852
00001853
00001854
00001855
00001856
00001857
00001858
00001859
00001860
00001861
00001862
00001863
00001864
00001865
00001866
00001867
00001868
00001869
00001870
00001871
00001872
00001873
00001874
00001875
00001876
00001877
00001878
00001879
00001880
00001881
00001882
00001883
00001884
00001885
00001886
00001887
00001888
00001889
00001890
00001891
00001892
00001893
00001894
00001895
00001896
00001897
00001898
00001899
00001900
00001901
00001902
00001903
00001904
00001905
00001906
00001907
00001908
00001909
00001910
00001911
00001912
00001913
00001914
00001915
00001916
00001917
00001918
00001919
00001920
00001921
00001922
00001923
00001924
00001925
00001926
00001927
00001928
00001929
00001930
00001931
00001932
00001933
00001934
00001935
00001936
00001937
00001938
00001939
00001940
00001941
00001942
00001943
00001944
00001945
00001946
00001947
00001948
00001949
00001950
00001951
00001952
00001953
00001954
00001955
00001956
00001957
00001958
00001959
00001960
00001961
00001962
00001963
00001964
00001965
00001966
00001967
00001968
00001969
00001970
00001971
00001972
00001973
00001974
00001975
00001976
00001977
00001978
00001979
00001980
00001981
00001982
00001983
00001984
00001985
00001986
00001987
00001988
00001989
00001990
00001991
00001992
00001993
00001994
00001995
00001996
00001997
00001998
00001999
00002000
00002001
00002002
00002003
00002004
00002005
00002006
00002007
00002008
00002009
00002010
00002011
00002012
00002013
00002014
00002015
00002016
00002017
00002018
00002019
00002020
00002021
00002022
00002023
00002024
00002025
00002026
00002027
00002028
00002029
00002030
00002031
00002032
00002033
00002034
00002035
00002036
00002037
00002038
00002039
00002040
00002041
00002042
00002043
00002044
00002045
00002046
00002047
00002048
00002049
00002050
00002051
00002052
00002053
00002054
00002055
00002056
00002057
00002058
00002059
00002060
00002061
00002062
00002063
00002064
00002065
00002066
00002067
00002068
00002069
00002070
00002071
00002072
00002073
00002074
00002075
00002076
00002077
00002078
00002079
00002080
00002081
00002082
00002083
00002084
00002085
00002086
00002087
00002088
00002089
00002090
00002091
00002092
00002093
00002094
00002095
00002096
00002097
00002098
00002099
00002100
00002101
00002102
00002103
00002104
00002105
00002106
00002107
00002108
00002109
00002110
00002111
00002112
00002113
00002114
00002115
00002116
00002117
00002118
00002119
00002120
00002121
00002122
00002123
00002124
00002125
00002126
00002127
00002128
00002129
00002130
00002131
00002132
00002133
00002134
00002135
00002136
00002137
00002138
00002139
00002140
00002141
00002142
00002143
00002144
00002145
00002146
00002147
00002148
00002149
00002150
00002151
00002152
00002153
00002154
00002155
00002156
00002157
00002158
00002159
00002160
00002161
00002162
00002163
00002164
00002165
00002166
00002167
00002168
00002169
00002170
00002171
00002172
00002173
00002174
00002175
00002176
00002177
00002178
00002179
00002180
00002181
00002182
00002183
00002184
00002185
00002186
00002187
00002188
00002189
00002190
00002191
00002192
00002193
00002194
00002195
00002196
00002197
00002198
00002199
00002200
00002201
00002202
00002203
00002204
00002205
00002206
00002207
00002208
00002209
00002210
00002211
00002212
00002213
00002214
00002215
00002216
00002217
00002218
00002219
00002220
00002221
00002222
00002223
00002224
00002225
00002226
00002227
00002228
00002229
00002230
00002231
00002232
00002233
00002234
00002235
00002236
00002237
00002238
00002239
00002240
00002241
00002242
00002243
00002244
00002245
00002246
00002247
00002248
00002249
00002250
00002251
00002252
00002253
00002254
00002255
00002256
00002257
00002258
00002259
00002260
00002261
00002262
00002263
00002264
00002265
00002266
00002267
00002268
00002269
00002270
00002271
00002272
00002273
00002274
00002275
00002276
00002277
00002278
00002279
00002280
00002281
00002282
00002283
00002284
00002285
00002286
00002287
00002288
00002289
00002290
00002291
00002292
00002293
00002294
00002295
00002296
00002297
00002298
00002299
00002300
00002301
00002302
00002303
00002304
00002305
00002306
00002307
00002308
00002309
00002310
00002311
00002312
00002313
00002314
00002315
00002316
00002317
00002318
00002319
00002320
00002321
00002322
00002323
00002324
00002325
00002326
00002327
00002328
00002329
00002330
00002331
00002332
00002333
00002334
00002335
00002336
00002337
00002338
00002339
00002340
00002341
00002342
00002343
00002344
00002345
00002346
00002347
00002348
00002349
00002350
00002351
00002352
00002353
00002354
00002355
00002356
00002357
00002358
00002359
00002360
00002361
00002362
00002363
00002364
00002365
00002366
00002367
00002368
00002369
00002370
00002371
00002372
00002373
00002374
00002375
00002376
00002377
00002378
00002379
00002380
00002381
00002382
00002383
00002384
00002385
00002386
00002387
00002388
00002389
00002390
00002391
00002392
00002393
00002394
00002395
00002396
00002397
00002398
00002399
00002400
00002401
00002402
00002403
00002404
00002405
00002406
00002407
00002408
00002409
00002410
00002411
00002412
00002413
00002414
00002415
00002416
00002417
00002418
00002419
00002420
00002421
00002422
00002423
00002424
00002425
00002426
00002427
00002428
00002429
00002430
00002431
00002432
00002433
00002434
00002435
00002436
00002437
00002438
00002439
00002440
00002441
00002442
00002443
00002444
00002445
00002446
00002447
00002448
00002449
00002450
00002451
00002452
00002453
00002454
00002455
00002456
00002457
00002458
00002459
00002460
00002461
00002462
00002463
00002464
00002465
00002466
00002467
00002468
00002469
00002470
00002471
00002472
00002473
00002474
00002475
00002476
00002477
00002478
00002479
00002480
00002481
00002482
00002483
00002484
00002485
00002486
00002487
00002488
00002489
00002490
00002491
00002492
00002493
00002494
00002495
00002496
00002497
00002498
00002499
00002500
00002501
00002502
00002503
00002504
00002505
00002506
00002507
00002508
00002509
00002510
00002511
00002512
00002513
00002514
00002515
00002516
00002517
00002518
00002519
00002520
00002521
00002522
00002523
00002524
00002525
00002526
00002527
00002528
00002529
00002530
00002531
00002532
00002533
00002534
00002535
00002536
00002537
00002538
00002539
00002540
00002541
00002542
00002543
00002544
00002545
00002546
00002547
00002548
00002549
00002550
00002551
00002552
00002553
00002554
00002555
00002556
00002557
00002558
00002559
00002560
00002561
00002562
00002563
00002564
00002565
00002566
00002567
00002568
00002569
00002570
00002571
00002572
00002573
00002574
00002575
00002576
00002577
00002578
00002579
00002580
00002581
00002582
00002583
00002584
00002585
00002586
00002587
00002588
00002589
00002590
00002591
00002592
00002593
00002594
00002595
00002596
00002597
00002598
00002599
00002600
00002601
00002602
00002603
00002604
00002605
00002606
00002607
00002608
00002609
00002610
00002611
00002612
00002613
00002614
00002615
00002616
00002617
00002618
00002619
00002620
00002621
00002622
00002623
00002624
00002625
00002626
00002627
00002628
00002629
00002630
00002631
00002632
00002633
00002634
00002635
00002636
00002637
00002638
00002639
00002640
00002641
00002642
00002643
00002644
00002645
00002646
00002647
00002648
00002649
00002650
00002651
00002652
00002653
00002654
00002655
00002656
00002657
00002658
00002659
00002660
00002661
00002662
00002663
00002664
00002665
00002666
00002667
00002668
00002669
00002670
00002671
00002672
00002673
00002674
00002675
00002676
00002677
00002678
00002679
00002680
00002681
00002682
00002683
00002684
00002685
00002686
00002687
00002688
00002689
00002690
00002691
00002692
00002693
00002694
00002695
00002696
00002697
00002698
00002699
00002700
00002701
00002702
00002703
00002704
00002705
00002706
00002707
00002708
00002709
00002710
00002711
00002712
00002713
00002714
00002715
00002716
00002717
00002718
00002719
00002720
00002721
00002722
00002723
00002724
00002725
00002726
00002727
00002728
00002729
00002730
00002731
00002732
00002733
00002734
00002735
00002736
00002737
00002738
00002739
00002740
00002741
00002742
00002743
00002744
00002745
00002746
00002747
00002748
00002749
00002750
00002751
00002752
00002753
00002754
00002755
00002756
00002757
00002758
00002759
00002760
00002761
00002762
00002763
00002764
00002765
00002766
00002767
00002768
00002769
00002770
00002771
00002772
00002773
00002774
00002775
00002776
00002777
00002778
00002779
00002780
00002781
00002782
00002783
00002784
00002785
00002786
00002787
00002788
00002789
00002790
00002791
00002792
00002793
00002794
00002795
00002796
00002797
00002798
00002799
00002800
00002801
00002802
00002803
00002804
00002805
00002806
00002807
00002808
00002809
00002810
00002811
00002812
00002813
00002814
00002815
00002816
00002817
00002818
00002819
00002820
00002821
00002822
00002823
00002824
00002825
00002826
00002827
00002828
00002829
00002830
00002831
00002832
00002833
00002834
00002835
00002836
00002837
00002838
00002839
00002840
00002841
00002842
00002843
00002844
00002845
00002846
00002847
00002848
00002849
00002850
00002851
00002852
00002853
00002854
00002855
00002856
00002857
00002858
00002859
00002860
00002861
00002862
00002863
00002864
00002865
00002866
00002867
00002868
00002869
00002870
00002871
00002872
00002873
00002874
00002875
00002876
00002877
00002878
00002879
00002880
00002881
00002882
00002883
00002884
00002885
00002886
00002887
00002888
00002889
00002890
00002891
00002892
00002893
00002894
00002895
00002896
00002897
00002898
00002899
00002900
00002901
00002902
00002903
00002904
00002905
00002906
00002907
00002908
00002909
00002910
00002911
00002912
00002913
00002914
00002915
00002916
00002917
00002918
00002919
00002920
00002921
00002922
00002923
00002924
00002925
00002926
00002927
00002928
00002929
00002930
00002931
00002932
00002933
00002934
00002935
00002936
00002937
00002938
00002939
00002940
00002941
00002942
00002943
00002944
00002945
00002946
00002947
00002948
00002949
00002950
00002951
00002952
00002953
00002954
00002955
00002956
00002957
00002958
00002959
00002960
00002961
00002962
00002963
00002964
00002965
00002966
00002967
00002968
00002969
00002970
00002971
00002972
00002973
00002974
00002975
00002976
00002977
00002978
00002979
00002980
00002981
00002982
00002983
00002984
00002985
00002986
00002987
00002988
00002989
00002990
00002991
00002992
00002993
00002994
00002995
00002996
00002997
00002998
00002999
00003000
00003001
00003002
00003003
00003004
00003005
00003006
00003007
00003008
00003009
00003010
00003011
00003012
00003013
00003014
00003015
00003016
00003017
00003018
00003019
00003020
00003021
00003022
00003023
00003024
00003025
00003026
00003027
00003028
00003029
00003030
00003031
00003032
00003033
00003034
00003035
00003036
00003037
00003038
00003039
00003040
00003041
00003042
00003043
00003044
00003045
00003046
00003047
00003048
00003049
00003050
00003051
00003052
00003053
00003054
00003055
00003056
00003057
00003058
00003059
00003060
00003061
00003062
00003063
00003064
00003065
00003066
00003067
00003068
00003069
00003070
00003071
00003072
00003073
00003074
00003075
00003076
00003077
00003078
00003079
00003080
00003081
00003082
00003083
00003084
00003085
00003086
00003087
00003088
00003089
00003090
00003091
00003092
00003093
00003094
00003095
00003096
00003097
00003098
00003099
00003100
00003101
00003102
00003103
00003104
00003105
00003106
00003107
00003108
00003109
00003110
00003111
00003112
00003113
00003114
00003115
00003116
00003117
00003118
00003119
00003120
00003121
00003122
00003123
00003124
00003125
00003126
00003127
00003128
00003129
00003130
00003131
00003132
00003133
00003134
00003135
00003136
00003137
00003138
00003139
00003140
00003141
00003142
00003143
00003144
00003145
00003146
00003147
00003148
00003149
00003150
00003151
00003152
00003153
00003154
00003155
00003156
00003157
00003158
00003159
00003160
00003161
00003162
00003163
00003164
00003165
00003166
00003167
00003168
00003169
00003170
00003171
00003172
00003173
00003174
00003175
00003176
00003177
00003178
00003179
00003180
00003181
00003182
00003183
00003184
00003185
00003186
00003187
00003188
00003189
00003190
00003191
00003192
00003193
00003194
00003195
00003196
00003197
00003198
00003199
00003200
00003201
00003202
00003203
00003204
00003205
00003206
00003207
00003208
00003209
00003210
00003211
00003212
00003213
00003214
00003215
00003216
00003217
00003218
00003219
00003220
00003221
00003222
00003223
00003224
00003225
00003226
00003227
00003228
00003229
00003230
00003231
00003232
00003233
00003234
00003235
00003236
00003237
00003238
00003239
00003240
00003241
00003242
00003243
00003244
00003245
00003246
00003247
00003248
00003249
00003250
00003251
00003252
00003253
00003254
00003255
00003256
00003257
00003258
00003259
00003260
00003261
00003262
00003263
00003264
00003265
00003266
00003267
00003268
00003269
00003270
00003271
00003272
00003273
00003274
00003275
00003276
00003277
00003278
00003279
00003280
00003281
00003282
00003283
00003284
00003285
00003286
00003287
00003288
00003289
00003290
00003291
00003292
00003293
00003294
00003295
00003296
00003297
00003298
00003299
00003300
00003301
00003302
00003303
00003304
00003305
00003306
00003307
00003308
00003309
00003310
00003311
00003312
00003313
00003314
00003315
00003316
00003317
00003318
00003319
00003320
00003321
00003322
00003323
00003324
00003325
00003326
00003327
00003328
00003329
00003330
00003331
00003332
00003333
00003334
00003335
00003336
00003337
00003338
00003339
00003340
00003341
00003342
00003343
00003344
00003345
00003346
00003347
00003348
00003349
00003350
00003351
00003352
00003353
00003354
00003355
00003356
00003357
00003358
00003359
00003360
00003361
00003362
00003363
00003364
00003365
00003366
00003367
00003368
00003369
00003370
00003371
00003372
00003373
00003374
00003375
00003376
00003377
00003378
00003379
00003380
00003381
00003382
00003383
00003384
00003385
00003386
00003387
00003388
00003389
00003390
00003391
00003392
00003393
00003394
00003395
00003396
00003397
00003398
00003399
00003400
00003401
00003402
00003403
00003404
00003405
00003406
00003407
00003408
00003409
00003410
00003411
00003412
00003413
00003414
00003415
00003416
00003417
00003418
00003419
00003420
00003421
00003422
00003423
00003424
00003425
00003426
00003427
00003428
00003429
00003430
00003431
00003432
00003433
00003434
00003435
00003436
00003437
00003438
00003439
00003440
00003441
00003442
00003443
00003444
00003445
00003446
00003447
00003448
00003449
00003450
00003451
00003452
00003453
00003454
00003455
00003456
00003457
00003458
00003459
00003460
00003461
00003462
00003463
00003464
00003465
00003466
00003467
00003468
00003469
00003470
00003471
00003472
00003473
00003474
00003475
00003476
00003477
00003478
00003479
00003480
00003481
00003482
00003483
00003484
00003485
00003486
00003487
00003488
00003489
00003490
00003491
00003492
00003493
00003494
00003495
00003496
00003497
00003498
00003499
00003500
00003501
00003502
00003503
00003504
00003505
00003506
00003507
00003508
00003509
00003510
00003511
00003512
00003513
00003514
00003515
00003516
00003517
00003518
00003519
00003520
00003521
00003522
00003523
00003524
00003525
00003526
00003527
00003528
00003529
00003530
00003531
00003532
00003533
00003534
00003535
00003536
00003537
00003538
00003539
00003540
00003541
00003542
00003543
00003544
00003545
00003546
00003547
00003548
00003549
00003550
00003551
00003552
00003553
00003554
00003555
00003556
00003557
00003558
00003559
00003560
00003561
00003562
00003563
00003564
00003565
00003566
00003567
00003568
00003569
00003570
00003571
00003572
00003573
00003574
00003575
00003576
00003577
00003578
00003579
00003580
00003581
00003582
00003583
00003584
00003585
00003586
00003587
00003588
00003589
00003590
00003591
00003592
00003593
00003594
00003595
00003596
00003597
00003598
00003599
00003600
00003601
00003602
00003603
00003604
00003605
00003606
00003607
00003608
00003609
00003610
00003611
00003612
00003613
00003614
00003615
00003616
00003617
00003618
00003619
00003620
00003621
00003622
00003623
00003624
00003625
00003626
00003627
00003628
00003629
00003630
00003631
00003632
00003633
00003634
00003635
00003636
00003637
00003638
00003639
00003640
00003641
00003642
00003643
00003644
00003645
00003646
00003647
00003648
00003649
00003650
00003651
00003652
00003653
00003654
00003655
00003656
00003657
00003658
00003659
00003660
00003661
00003662
00003663
00003664
00003665
00003666
00003667
00003668
00003669
00003670
00003671
00003672
00003673
00003674
00003675
00003676
00003677
00003678
00003679
00003680
00003681
00003682
00003683
00003684
00003685
00003686
00003687
00003688
00003689
00003690
00003691
00003692
00003693
00003694
00003695
00003696
00003697
00003698
00003699
00003700
00003701
00003702
00003703
00003704
00003705
00003706
00003707
00003708
00003709
00003710
00003711
00003712
00003713
00003714
00003715
00003716
00003717
00003718
00003719
00003720
00003721
00003722
00003723
00003724
00003725
00003726
00003727
00003728
00003729
00003730
00003731
00003732
00003733
00003734
00003735
00003736
00003737
00003738
00003739
00003740
00003741
00003742
00003743
00003744
00003745
00003746
00003747
00003748
00003749
00003750
00003751
00003752
00003753
00003754
00003755
00003756
00003757
00003758
00003759
00003760
00003761
00003762
00003763
00003764
00003765
00003766
00003767
00003768
00003769
00003770
00003771
00003772
00003773
00003774
00003775
00003776
00003777
00003778
00003779
00003780
00003781
00003782
00003783
00003784
00003785
00003786
00003787
00003788
00003789
00003790
00003791
00003792
00003793
00003794
00003795
00003796
00003797
00003798
00003799
00003800
00003801
00003802
00003803
00003804
00003805
00003806
00003807
00003808
00003809
00003810
00003811
00003812
00003813
00003814
00003815
00003816
00003817
00003818
00003819
00003820
00003821
00003822
00003823
00003824
00003825
00003826
00003827
00003828
00003829
00003830
00003831
00003832
00003833
00003834
00003835
00003836
00003837
00003838
00003839
00003840
00003841
00003842
00003843
00003844
00003845
00003846
00003847
00003848
00003849
00003850
00003851
00003852
00003853
00003854
00003855
00003856
00003857
00003858
00003859
00003860
00003861
00003862
00003863
00003864
00003865
00003866
00003867
00003868
00003869
00003870
00003871
00003872
00003873
00003874
00003875
00003876
00003877
00003878
00003879
00003880
00003881
00003882
00003883
00003884
00003885
00003886
00003887
00003888
00003889
00003890
00003891
00003892
00003893
00003894
00003895
00003896
00003897
00003898
00003899
00003900
00003901
00003902
00003903
00003904
00003905
00003906
00003907
00003908
00003909
00003910
00003911
00003912
00003913
00003914
00003915
00003916
00003917
00003918
00003919
00003920
00003921
00003922
00003923
00003924
00003925
00003926
00003927
00003928
00003929
00003930
00003931
00003932
00003933
00003934
00003935
00003936
00003937
00003938
00003939
00003940
00003941
00003942
00003943
00003944
00003945
00003946
00003947
00003948
00003949
00003950
00003951
00003952
00003953
00003954
00003955
00003956
00003957
00003958
00003959
00003960
00003961
00003962
00003963
00003964
00003965
00003966
00003967
00003968
00003969
00003970
00003971
00003972
00003973
00003974
00003975
00003976
00003977
00003978
00003979
00003980
00003981
00003982
00003983
00003984
00003985
00003986
00003987
00003988
00003989
00003990
00003991
00003992
00003993
00003994
00003995
00003996
00003997
00003998
00003999
00004000
00004001
00004002
00004003
00004004
00004005
00004006
00004007
00004008
00004009
00004010
00004011
00004012
00004013
00004014
00004015
00004016
00004017
00004018
00004019
00004020
00004021
00004022
00004023
00004024
00004025
00004026
00004027
00004028
00004029
00004030
00004031
00004032
00004033
00004034
00004035
00004036
00004037
00004038
00004039
00004040
00004041
00004042
00004043
00004044
00004045
00004046
00004047
00004048
00004049
00004050
00004051
00004052
00004053
00004054
00004055
00004056
00004057
00004058
00004059
00004060
00004061
00004062
00004063
00004064
00004065
00004066
00004067
00004068
00004069
00004070
00004071
00004072
00004073
00004074
00004075
00004076
00004077
00004078
00004079
00004080
00004081
00004082
00004083
00004084
00004085
00004086
00004087
00004088
00004089
00004090
00004091
00004092
00004093
00004094
00004095
00004096
00004097
00004098
00004099
00004100
00004101
00004102
00004103
00004104
00004105
00004106
00004107
00004108
00004109
00004110
00004111
00004112
00004113
00004114
00004115
00004116
00004117
00004118
00004119
00004120
00004121
00004122
00004123
00004124
00004125
00004126
00004127
00004128
00004129
00004130
00004131
00004132
00004133
00004134
00004135
00004136
00004137
00004138
00004139
00004140
00004141
00004142
00004143
00004144
00004145
00004146
00004147
00004148
00004149
00004150
00004151
00004152
00004153
00004154
00004155
00004156
00004157
00004158
00004159
00004160
00004161
00004162
00004163
00004164
00004165
00004166
00004167
00004168
00004169
00004170
00004171
00004172
00004173
00004174
00004175
00004176
00004177
00004178
00004179
00004180
00004181
00004182
00004183
00004184
00004185
00004186
00004187
00004188
00004189
00004190
00004191
00004192
00004193
00004194
00004195
00004196
00004197
00004198
00004199
00004200
00004201
00004202
00004203
00004204
00004205
00004206
00004207
00004208
00004209
00004210
00004211
00004212
00004213
00004214
00004215
00004216
00004217
00004218
00004219
00004220
00004221
00004222
00004223
00004224
00004225
00004226
00004227
00004228
00004229
00004230
00004231
00004232
00004233
00004234
00004235
00004236
00004237
00004238
00004239
00004240
00004241
00004242
00004243
00004244
00004245
00004246
00004247
00004248
00004249
00004250
00004251
00004252
00004253
00004254
00004255
00004256
00004257
00004258
00004259
00004260
00004261
00004262
00004263
00004264
00004265
00004266
00004267
00004268
00004269
00004270
00004271
00004272
00004273
00004274
00004275
00004276
00004277
00004278
00004279
00004280
00004281
00004282
00004283
00004284
00004285
00004286
00004287
00004288
00004289
00004290
00004291
00004292
00004293
00004294
00004295
00004296
00004297
00004298
00004299
00004300
00004301
00004302
00004303
00004304
00004305
00004306
00004307
00004308
00004309
00004310
00004311
00004312
00004313
00004314
00004315
00004316
00004317
00004318
00004319
00004320
00004321
00004322
00004323
00004324
00004325
00004326
00004327
00004328
00004329
00004330
00004331
00004332
00004333
00004334
00004335
00004336
00004337
00004338
00004339
00004340
00004341
00004342
00004343
00004344
00004345
00004346
00004347
00004348
00004349
00004350
00004351
00004352
00004353
00004354
00004355
00004356
00004357
00004358
00004359
00004360
00004361
00004362
00004363
00004364
00004365
00004366
00004367
00004368
00004369
00004370
00004371
00004372
00004373
00004374
00004375
00004376
00004377
00004378
00004379
00004380
00004381
00004382
00004383
00004384
00004385
00004386
00004387
00004388
00004389
00004390
00004391
00004392
00004393
00004394
00004395
00004396
00004397
00004398
00004399
00004400
00004401
00004402
00004403
00004404
00004405
00004406
00004407
00004408
00004409
00004410
00004411
00004412
00004413
00004414
00004415
00004416
00004417
00004418
00004419
00004420
00004421
00004422
00004423
00004424
00004425
00004426
00004427
00004428
00004429
00004430
00004431
00004432
00004433
00004434
00004435
00004436
00004437
00004438
00004439
00004440
00004441
00004442
00004443
00004444
00004445
00004446
00004447
00004448
00004449
00004450
00004451
00004452
00004453
00004454
00004455
00004456
00004457
00004458
00004459
00004460
00004461
00004462
00004463
00004464
00004465
00004466
00004467
00004468
00004469
00004470
00004471
00004472
00004473
00004474
00004475
00004476
00004477
00004478
00004479
00004480
00004481
00004482
00004483
00004484
00004485
00004486
00004487
00004488
00004489
00004490
00004491
00004492
00004493
00004494
00004495
00004496
00004497
00004498
00004499
00004500
00004501
00004502
00004503
00004504
00004505
00004506
00004507
00004508
00004509
00004510
00004511
00004512
00004513
00004514
00004515
00004516
00004517
00004518
00004519
00004520
00004521
00004522
00004523
00004524
00004525
00004526
00004527
00004528
00004529
00004530
00004531
00004532
00004533
00004534
00004535
00004536
00004537
00004538
00004539
00004540
00004541
00004542
00004543
00004544
00004545
00004546
00004547
00004548
00004549
00004550
00004551
00004552
00004553
00004554
00004555
00004556
00004557
00004558
00004559
00004560
00004561
00004562
00004563
00004564
00004565
00004566
00004567
00004568
00004569
00004570
00004571
00004572
00004573
00004574
00004575
00004576
00004577
00004578
00004579
00004580
00004581
00004582
00004583
00004584
00004585
00004586
00004587
00004588
00004589
00004590
00004591
00004592
00004593
00004594
00004595
00004596
00004597
00004598
00004599
00004600
00004601
00004602
00004603
00004604
00004605
00004606
00004607
00004608
00004609
00004610
00004611
00004612
00004613
00004614
00004615
00004616
00004617
00004618
00004619
00004620
00004621
00004622
00004623
00004624
00004625
00004626
00004627
00004628
00004629
00004630
00004631
00004632
00004633
00004634
00004635
00004636
00004637
00004638
00004639
00004640
00004641
00004642
00004643
00004644
00004645
00004646
00004647
00004648
00004649
00004650
00004651
00004652
00004653
00004654
00004655
00004656
00004657
00004658
00004659
00004660
00004661
00004662
00004663
00004664
00004665
00004666
00004667
00004668
00004669
00004670
00004671
00004672
00004673
00004674
00004675
00004676
00004677
00004678
00004679
00004680
00004681
00004682
00004683
00004684
00004685
00004686
00004687
00004688
00004689
00004690
00004691
00004692
00004693
00004694
00004695
00004696
00004697
00004698
00004699
00004700
00004701
00004702
00004703
00004704
00004705
00004706
00004707
00004708
00004709
00004710
00004711
00004712
00004713
00004714
00004715
00004716
00004717
00004718
00004719
00004720
00004721
00004722
00004723
00004724
00004725
00004726
00004727
00004728
00004729
00004730
00004731
00004732
00004733
00004734
00004735
00004736
00004737
00004738
00004739
00004740
00004741
00004742
00004743
00004744
00004745
00004746
00004747
00004748
00004749
00004750
00004751
00004752
00004753
00004754
00004755
00004756
00004757
00004758
00004759
00004760
00004761
00004762
00004763
00004764
00004765
00004766
00004767
00004768
00004769
00004770
00004771
00004772
00004773
00004774
00004775
00004776
00004777
00004778
00004779
00004780
00004781
00004782
00004783
00004784
00004785
00004786
00004787
00004788
00004789
00004790
00004791
00004792
00004793
00004794
00004795
00004796
00004797
00004798
00004799
00004800
00004801
00004802
00004803
00004804
00004805
00004806
00004807
00004808
00004809
00004810
00004811
00004812
00004813
00004814
00004815
00004816
00004817
00004818
00004819
00004820
00004821
00004822
00004823
00004824
00004825
00004826
00004827
00004828
00004829
00004830
00004831
00004832
00004833
00004834
00004835
00004836
00004837
00004838
00004839
00004840
00004841
00004842
00004843
00004844
00004845
00004846
00004847
00004848
00004849
00004850
00004851
00004852
00004853
00004854
00004855
00004856
00004857
00004858
00004859
00004860
00004861
00004862
00004863
00004864
00004865
00004866
00004867
00004868
00004869
00004870
00004871
00004872
00004873
00004874
00004875
00004876
00004877
00004878
00004879
00004880
00004881
00004882
00004883
00004884
00004885
00004886
00004887
00004888
00004889
00004890
00004891
00004892
00004893
00004894
00004895
00004896
00004897
00004898
00004899
00004900
00004901
00004902
00004903
00004904
00004905
00004906
00004907
00004908
00004909
00004910
00004911
00004912
00004913
00004914
00004915
00004916
00004917
00004918
00004919
00004920
00004921
00004922
00004923
00004924
00004925
00004926
00004927
00004928
00004929
00004930
00004931
00004932
00004933
00004934
00004935
00004936
00004937
00004938
00004939
00004940
00004941
00004942
00004943
00004944
00004945
00004946
00004947
00004948
00004949
00004950
00004951
00004952
00004953
00004954
00004955
00004956
00004957
00004958
00004959
00004960
00004961
00004962
00004963
00004964
00004965
00004966
00004967
00004968
00004969
00004970
00004971
00004972
00004973
00004974
00004975
00004976
00004977
00004978
00004979
00004980
00004981
00004982
00004983
00004984
00004985
00004986
00004987
00004988
00004989
00004990
00004991
00004992
00004993
00004994
00004995
00004996
00004997
00004998
00004999
00005000
00005001
00005002
00005003
00005004
00005005
00005006
00005007
00005008
00005009
00005010
00005011
00005012
00005013
00005014
00005015
00005016
00005017
00005018
00005019
00005020
00005021
00005022
00005023
00005024
00005025
00005026
00005027
00005028
00005029
00005030
00005031
00005032
00005033
00005034
00005035
00005036
00005037
00005038
00005039
00005040
00005041
00005042
00005043
00005044
00005045
00005046
00005047
00005048
00005049
00005050
00005051
00005052
00005053
00005054
00005055
00005056
00005057
00005058
00005059
00005060
00005061
00005062
00005063
00005064
00005065
00005066
00005067
00005068
00005069
00005070
00005071
00005072
00005073
00005074
00005075
00005076
00005077
00005078
00005079
00005080
00005081
00005082
00005083
00005084
00005085
00005086
00005087
00005088
00005089
00005090
00005091
00005092
00005093
00005094
00005095
00005096
00005097
00005098
00005099
00005100
00005101
00005102
00005103
00005104
00005105
00005106
00005107
00005108
00005109
00005110
00005111
00005112
00005113
00005114
00005115
00005116
00005117
00005118
00005119
00005120
00005121
00005122
00005123
00005124
00005125
00005126
00005127
00005128
00005129
00005130
00005131
00005132
00005133
00005134
00005135
00005136
00005137
00005138
00005139
00005140
00005141
00005142
00005143
00005144
00005145
00005146
00005147
00005148
00005149
00005150
00005151
00005152
00005153
00005154
00005155
00005156
00005157
00005158
00005159
00005160
00005161
00005162
00005163
00005164
00005165
00005166
00005167
00005168
00005169
00005170
00005171
00005172
00005173
00005174
00005175
00005176
00005177
00005178
00005179
00005180
00005181
00005182
00005183
00005184
00005185
00005186
00005187
00005188
00005189
00005190
00005191
00005192
00005193
00005194
00005195
00005196
00005197
00005198
00005199
00005200
00005201
00005202
00005203
00005204
00005205
00005206
00005207
00005208
00005209
00005210
00005211
00005212
00005213
00005214
00005215
00005216
00005217
00005218
00005219
00005220
00005221
00005222
00005223
00005224
00005225
00005226
00005227
00005228
00005229
00005230
00005231
00005232
00005233
00005234
00005235
00005236
00005237
00005238
00005239
00005240
00005241
00005242
00005243
00005244
00005245
00005246
00005247
00005248
00005249
00005250
00005251
00005252
00005253
00005254
00005255
00005256
00005257
00005258
00005259
00005260
00005261
00005262
00005263
00005264
00005265
00005266
00005267
00005268
00005269
00005270
00005271
00005272
00005273
00005274
00005275
00005276
00005277
00005278
00005279
00005280
00005281
00005282
00005283
00005284
00005285
00005286
00005287
00005288
00005289
00005290
00005291
00005292
00005293
00005294
00005295
00005296
00005297
00005298
00005299
00005300
00005301
00005302
00005303
00005304
00005305
00005306
00005307
00005308
00005309
00005310
00005311
00005312
00005313
00005314
00005315
00005316
00005317
00005318
00005319
00005320
00005321
00005322
00005323
00005324
00005325
00005326
00005327
00005328
00005329
00005330
00005331
00005332
00005333
00005334
00005335
00005336
00005337
00005338
00005339
00005340
00005341
00005342
00005343
00005344
00005345
00005346
00005347
00005348
00005349
00005350
00005351
00005352
00005353
00005354
00005355
00005356
00005357
00005358
00005359
00005360
00005361
00005362
00005363
00005364
00005365
00005366
00005367
00005368
00005369
00005370
00005371
00005372
00005373
00005374
00005375
00005376
00005377
00005378
00005379
00005380
00005381
00005382
00005383
00005384
00005385
00005386
00005387
00005388
00005389
00005390
00005391
00005392
00005393
00005394
00005395
00005396
00005397
00005398
00005399
00005400
00005401
00005402
00005403
00005404
00005405
00005406
00005407
00005408
00005409
00005410
00005411
00005412
00005413
00005414
00005415
00005416
00005417
00005418
00005419
00005420
00005421
00005422
00005423
00005424
00005425
00005426
00005427
00005428
00005429
00005430
00005431
00005432
00005433
00005434
00005435
00005436
00005437
00005438
00005439
00005440
00005441
00005442
00005443
00005444
00005445
00005446
00005447
00005448
00005449
00005450
00005451
00005452
00005453
00005454
00005455
00005456
00005457
00005458
00005459
00005460
00005461
00005462
00005463
00005464
00005465
00005466
00005467
00005468
00005469
00005470
00005471
00005472
00005473
00005474
00005475
00005476
00005477
00005478
00005479
00005480
00005481
00005482
00005483
00005484
00005485
00005486
00005487
00005488
00005489
00005490
00005491
00005492
00005493
00005494
00005495
00005496
00005497
00005498
00005499
00005500
00005501
00005502
00005503
00005504
00005505
00005506
00005507
00005508
00005509
00005510
00005511
00005512
00005513
00005514
00005515
00005516
00005517
00005518
00005519
00005520
00005521
00005522
00005523
00005524
00005525
00005526
00005527
00005528
00005529
00005530
00005531
00005532
00005533
00005534
00005535
00005536
00005537
00005538
00005539
00005540
00005541
00005542
00005543
00005544
00005545
00005546
00005547
00005548
00005549
00005550
00005551
00005552
00005553
00005554
00005555
00005556
00005557
00005558
00005559
00005560
00005561
00005562
00005563
00005564
00005565
00005566
00005567
00005568
00005569
00005570
00005571
00005572
00005573
00005574
00005575
00005576
00005577
00005578
00005579
00005580
00005581
00005582
00005583
00005584
00005585
00005586
00005587
00005588
00005589
00005590
00005591
00005592
00005593
00005594
00005595
00005596
00005597
00005598
00005599
00005600
00005601
00005602
00005603
00005604
00005605
00005606
00005607
00005608
00005609
00005610
00005611
00005612
00005613
00005614
00005615
00005616
00005617
00005618
00005619
00005620
00005621
00005622
00005623
00005624
00005625
00005626
00005627
00005628
00005629
00005630
00005631
00005632
00005633
00005634
00005635
00005636
00005637
00005638
00005639
00005640
00005641
00005642
00005643
00005644
00005645
00005646
00005647
00005648
00005649
00005650
00005651
00005652
00005653
00005654
00005655
00005656
00005657
00005658
00005659
00005660
00005661
00005662
00005663
00005664
00005665
00005666
00005667
00005668
00005669
00005670
00005671
00005672
00005673
00005674
00005675
00005676
00005677
00005678
00005679
00005680
00005681
00005682
00005683
00005684
00005685
00005686
00005687
00005688
00005689
00005690
00005691
00005692
00005693
00005694
00005695
00005696
00005697
00005698
00005699
00005700
00005701
00005702
00005703
00005704
00005705
00005706
00005707
00005708
00005709
00005710
00005711
00005712
00005713
00005714
00005715
00005716
00005717
00005718
00005719
00005720
00005721
00005722
00005723
00005724
00005725
00005726
00005727
00005728
00005729
00005730
00005731
00005732
00005733
00005734
00005735
00005736
00005737
00005738
00005739
00005740
00005741
00005742
00005743
00005744
00005745
00005746
00005747
00005748
00005749
00005750
00005751
00005752
00005753
00005754
00005755
00005756
00005757
00005758
00005759
00005760
00005761
00005762
00005763
00005764
00005765
00005766
00005767
00005768
00005769
00005770
00005771
00005772
00005773
00005774
00005775
00005776
00005777
00005778
00005779
00005780
00005781
00005782
00005783
00005784
00005785
00005786
00005787
00005788
00005789
00005790
00005791
00005792
00005793
00005794
00005795
00005796
00005797
00005798
00005799
00005800
00005801
00005802
00005803
00005804
00005805
00005806
00005807
00005808
00005809
00005810
00005811
00005812
00005813
00005814
00005815
00005816
00005817
00005818
00005819
00005820
00005821
00005822
00005823
00005824
00005825
00005826
00005827
00005828
00005829
00005830
00005831
00005832
00005833
00005834
00005835
00005836
00005837
00005838
00005839
00005840
00005841
00005842
00005843
00005844
00005845
00005846
00005847
00005848
00005849
00005850
00005851
00005852
00005853
00005854
00005855
00005856
00005857
00005858
00005859
00005860
00005861
00005862
00005863
00005864
00005865
00005866
00005867
00005868
00005869
00005870
00005871
00005872
00005873
00005874
00005875
00005876
00005877
00005878
00005879
00005880
00005881
00005882
00005883
00005884
00005885
00005886
00005887
00005888
00005889
00005890
00005891
00005892
00005893
00005894
00005895
00005896
00005897
00005898
00005899
00005900
00005901
00005902
00005903
00005904
00005905
00005906
00005907
00005908
00005909
00005910
00005911
00005912
00005913
00005914
00005915
00005916
00005917
00005918
00005919
00005920
00005921
00005922
00005923
00005924
00005925
00005926
00005927
00005928
00005929
00005930
00005931
00005932
00005933
00005934
00005935
00005936
00005937
00005938
00005939
00005940
00005941
00005942
00005943
00005944
00005945
00005946
00005947
00005948
00005949
00005950
00005951
00005952
00005953
00005954
00005955
00005956
00005957
00005958
00005959
00005960
00005961
00005962
00005963
00005964
00005965
00005966
00005967
00005968
00005969
00005970
00005971
00005972
00005973
00005974
00005975
00005976
00005977
00005978
00005979
00005980
00005981
00005982
00005983
00005984
00005985
00005986
00005987
00005988
00005989
00005990
00005991
00005992
00005993
00005994
00005995
00005996
00005997
00005998
00005999
00006000
00006001
00006002
00006003
00006004
00006005
00006006
00006007
00006008
00006009
00006010
00006011
00006012
00006013
00006014
00006015
00006016
00006017
00006018
00006019
00006020
00006021
00006022
00006023
00006024
00006025
00006026
00006027
00006028
00006029
00006030
00006031
00006032
00006033
00006034
00006035
00006036
00006037
00006038
00006039
00006040
00006041
00006042
00006043
00006044
00006045
00006046
00006047
00006048
00006049
00006050
00006051
00006052
00006053
00006054
00006055
00006056
00006057
00006058
00006059
00006060
00006061
00006062
00006063
00006064
00006065
00006066
00006067
00006068
00006069
00006070
00006071
00006072
00006073
00006074
00006075
00006076
00006077
00006078
00006079
00006080
00006081
00006082
00006083
00006084
00006085
00006086
00006087
00006088
00006089
00006090
00006091
00006092
00006093
00006094
00006095
00006096
00006097
00006098
00006099
00006100
00006101
00006102
00006103
00006104
00006105
00006106
00006107
00006108
00006109
00006110
00006111
00006112
00006113
00006114
00006115
00006116
00006117
00006118
00006119
00006120
00006121
00006122
00006123
00006124
00006125
00006126
00006127
00006128
00006129
00006130
00006131
00006132
00006133
00006134
00006135
00006136
00006137
00006138
00006139
00006140
00006141
00006142
00006143
00006144
00006145
00006146
00006147
00006148
00006149
00006150
00006151
00006152
00006153
00006154
00006155
00006156
00006157
00006158
00006159
00006160
00006161
00006162
00006163
00006164
00006165
00006166
00006167
00006168
00006169
00006170
00006171
00006172
00006173
00006174
00006175
00006176
00006177
00006178
00006179
00006180
00006181
00006182
00006183
00006184
00006185
00006186
00006187
00006188
00006189
00006190
00006191
00006192
00006193
00006194
00006195
00006196
00006197
00006198
00006199
00006200
00006201
00006202
00006203
00006204
00006205
00006206
00006207
00006208
00006209
00006210
00006211
00006212
00006213
00006214
00006215
00006216
00006217
00006218
00006219
00006220
00006221
00006222
00006223
00006224
00006225
00006226
00006227
00006228
00006229
00006230
00006231
00006232
00006233
00006234
00006235
00006236
00006237
00006238
00006239
00006240
00006241
00006242
00006243
00006244
00006245
00006246
00006247
00006248
00006249
00006250
00006251
00006252
00006253
00006254
00006255
00006256
00006257
00006258
00006259
00006260
00006261
00006262
00006263
00006264
00006265
00006266
00006267
00006268
00006269
00006270
00006271
00006272
00006273
00006274
00006275
00006276
00006277
00006278
00006279
00006280
00006281
00006282
00006283
00006284
00006285
00006286
00006287
00006288
00006289
00006290
00006291
00006292
00006293
00006294
00006295
00006296
00006297
00006298
00006299
00006300
00006301
00006302
00006303
00006304
00006305
00006306
00006307
00006308
00006309
00006310
00006311
00006312
00006313
00006314
00006315
00006316
00006317
00006318
00006319
00006320
00006321
00006322
00006323
00006324
00006325
00006326
00006327
00006328
00006329
00006330
00006331
00006332
00006333
00006334
00006335
00006336
00006337
00006338
00006339
00006340
00006341
00006342
00006343
00006344
00006345
00006346
00006347
00006348
00006349
00006350
00006351
00006352
00006353
00006354
00006355
00006356
00006357
00006358
00006359
00006360
00006361
00006362
00006363
00006364
00006365
00006366
00006367
00006368
00006369
00006370
00006371
00006372
00006373
00006374
00006375
00006376
00006377
00006378
00006379
00006380
00006381
00006382
00006383
00006384
00006385
00006386
00006387
00006388
00006389
00006390
00006391
00006392
00006393
00006394
00006395
00006396
00006397
00006398
00006399
00006400
00006401
00006402
00006403
00006404
00006405
00006406
00006407
00006408
00006409
00006410
00006411
00006412
00006413
00006414
00006415
00006416
00006417
00006418
00006419
00006420
00006421
00006422
00006423
00006424
00006425
00006426
00006427
00006428
00006429
00006430
00006431
00006432
00006433
00006434
00006435
00006436
00006437
00006438
00006439
00006440
00006441
00006442
00006443
00006444
00006445
00006446
00006447
00006448
00006449
00006450
00006451
00006452
00006453
00006454
00006455
00006456
00006457
00006458
00006459
00006460
00006461
00006462
00006463
00006464
00006465
00006466
00006467
00006468
00006469
00006470
00006471
00006472
00006473
00006474
00006475
00006476
00006477
00006478
00006479
00006480
00006481
00006482
00006483
00006484
00006485
00006486
00006487
00006488
00006489
00006490
00006491
00006492
00006493
00006494
00006495
00006496
00006497
00006498
00006499
00006500
00006501
00006502
00006503
00006504
00006505
00006506
00006507
00006508
00006509
00006510
00006511
00006512
00006513
00006514
00006515
00006516
00006517
00006518
00006519
00006520
00006521
00006522
00006523
00006524
00006525
00006526
00006527
00006528
00006529
00006530
00006531
00006532
00006533
00006534
00006535
00006536
00006537
00006538
00006539
00006540
00006541
00006542
00006543
00006544
00006545
00006546
00006547
00006548
00006549
00006550
00006551
00006552
00006553
00006554
00006555
00006556
00006557
00006558
00006559
00006560
00006561
00006562
00006563
00006564
00006565
00006566
00006567
00006568
00006569
00006570
00006571
00006572
00006573
00006574
00006575
00006576
00006577
00006578
00006579
00006580
00006581
00006582
00006583
00006584
00006585
00006586
00006587
00006588
00006589
00006590
00006591
00006592
00006593
00006594
00006595
00006596
00006597
00006598
00006599
00006600
00006601
00006602
00006603
00006604
00006605
00006606
00006607
00006608
00006609
00006610
00006611
00006612
00006613
00006614
00006615
00006616
00006617
00006618
00006619
00006620
00006621
00006622
00006623
00006624
00006625
00006626
00006627
00006628
00006629
00006630
00006631
